# Total_Mass (10^10 M_sun/h), Gas_Mass (10^10 M_sun/h), DM_Mass (10^10 M_sun/h), Stellar_Mass (10^10 M_sun/h), BH_Mass (10^10 M_sun/h), Pos (x, y, z) (ckpc/h)
 1.428385e+02   1.011549e+01   1.270576e+02   4.210690e+00   1.247870e+00   1.682617e+05   1.683350e+05   1.720997e+05 
 2.639130e+00   6.674704e-01   9.818001e-01   9.199134e-01   5.346767e-02   1.682045e+05   1.682664e+05   1.721715e+05 
 1.273459e+00   3.051552e-01   8.199537e-01   1.325232e-01   1.526015e-03   1.682780e+05   1.683513e+05   1.720167e+05 
 3.922793e-01   9.542623e-02   1.679731e-01   1.207111e-01   2.668928e-04   1.683620e+05   1.683709e+05   1.721528e+05 
 4.482472e-01   1.202114e-01   2.624260e-01   6.254642e-02   4.713542e-05   1.683416e+05   1.683379e+05   1.720875e+05 
 3.063918e-01   3.188829e-02   2.603838e-01   1.411969e-02   0.000000e+00   1.684805e+05   1.684015e+05   1.721667e+05 
 1.620497e-01   1.846816e-02   1.342764e-01   9.305210e-03   0.000000e+00   1.683561e+05   1.683615e+05   1.720359e+05 
 1.340656e-01   0.000000e+00   1.220230e-01   1.204261e-02   0.000000e+00   1.682313e+05   1.683634e+05   1.721941e+05 
 1.066375e-01   1.808818e-02   8.373126e-02   4.307541e-03   7.202457e-06   1.683800e+05   1.684079e+05   1.720393e+05 
 7.274796e-02   0.000000e+00   6.739346e-02   5.354503e-03   0.000000e+00   1.681034e+05   1.683619e+05   1.721924e+05 
 1.077058e-01   3.811100e-03   1.010902e-01   2.804539e-03   0.000000e+00   1.682277e+05   1.680434e+05   1.721488e+05 
 8.295725e-02   0.000000e+00   7.913626e-02   3.820992e-03   0.000000e+00   1.682900e+05   1.681703e+05   1.722091e+05 
 1.258856e-01   2.260620e-03   1.204913e-01   1.602014e-03   2.228240e-05   1.684837e+05   1.682375e+05   1.720855e+05 
 7.132082e-02   0.000000e+00   6.841457e-02   2.906243e-03   0.000000e+00   1.683014e+05   1.682407e+05   1.721565e+05 
 6.665938e-02   0.000000e+00   6.381956e-02   2.839812e-03   0.000000e+00   1.682979e+05   1.681549e+05   1.719914e+05 
 6.784352e-02   0.000000e+00   6.535123e-02   2.492286e-03   0.000000e+00   1.682481e+05   1.682652e+05   1.721251e+05 
 3.913933e-02   0.000000e+00   3.573896e-02   3.400379e-03   0.000000e+00   1.681440e+05   1.682311e+05   1.721006e+05 
 5.376666e-02   0.000000e+00   5.105565e-02   2.711009e-03   0.000000e+00   1.681648e+05   1.682565e+05   1.721689e+05 
 8.797648e-02   3.624553e-04   8.628405e-02   1.329972e-03   0.000000e+00   1.683834e+05   1.684775e+05   1.720485e+05 
 3.392592e-02   0.000000e+00   3.114395e-02   2.781976e-03   0.000000e+00   1.683115e+05   1.682054e+05   1.720181e+05 
 4.372673e-02   0.000000e+00   4.135508e-02   2.371652e-03   0.000000e+00   1.682642e+05   1.683569e+05   1.721514e+05 
 4.410278e-02   0.000000e+00   4.186563e-02   2.237143e-03   0.000000e+00   1.683651e+05   1.683912e+05   1.720200e+05 
 3.917432e-02   0.000000e+00   3.676007e-02   2.414249e-03   0.000000e+00   1.682030e+05   1.684101e+05   1.721601e+05 
 3.607225e-02   0.000000e+00   3.369673e-02   2.375517e-03   0.000000e+00   1.682448e+05   1.683419e+05   1.719892e+05 
 5.016895e-02   0.000000e+00   4.850287e-02   1.666083e-03   0.000000e+00   1.683239e+05   1.681829e+05   1.721737e+05 
 6.552815e-02   0.000000e+00   6.484067e-02   6.874802e-04   0.000000e+00   1.681466e+05   1.681557e+05   1.722193e+05 
 5.442147e-02   3.292650e-03   5.054509e-02   5.837257e-04   0.000000e+00   1.685006e+05   1.683629e+05   1.719907e+05 
 6.789023e-02   0.000000e+00   6.739346e-02   4.967654e-04   0.000000e+00   1.682738e+05   1.682480e+05   1.720488e+05 
 4.493153e-02   0.000000e+00   4.390786e-02   1.023670e-03   0.000000e+00   1.682460e+05   1.681893e+05   1.719430e+05 
 3.206427e-02   0.000000e+00   3.063339e-02   1.430875e-03   0.000000e+00   1.682897e+05   1.682518e+05   1.720667e+05 
 3.536762e-02   0.000000e+00   3.420728e-02   1.160329e-03   0.000000e+00   1.682413e+05   1.682473e+05   1.721796e+05 
 4.007647e-02   0.000000e+00   3.931285e-02   7.636203e-04   0.000000e+00   1.681369e+05   1.683517e+05   1.722058e+05 
 4.636980e-02   0.000000e+00   4.595008e-02   4.197162e-04   0.000000e+00   1.682584e+05   1.681346e+05   1.721152e+05 
 4.377877e-02   0.000000e+00   4.339730e-02   3.814703e-04   0.000000e+00   1.681407e+05   1.684050e+05   1.721806e+05 
 3.287123e-02   0.000000e+00   3.216506e-02   7.061705e-04   0.000000e+00   1.683323e+05   1.683668e+05   1.721098e+05 
 3.779334e-02   0.000000e+00   3.727062e-02   5.227126e-04   0.000000e+00   1.683060e+05   1.681658e+05   1.721713e+05 
 3.187323e-02   0.000000e+00   3.114395e-02   7.292782e-04   0.000000e+00   1.684214e+05   1.682040e+05   1.720972e+05 
 2.730673e-02   0.000000e+00   2.654894e-02   7.577898e-04   0.000000e+00   1.684089e+05   1.682266e+05   1.721475e+05 
 2.424263e-02   0.000000e+00   2.399616e-02   2.464739e-04   0.000000e+00   1.683350e+05   1.683924e+05   1.721141e+05 
 2.080569e-02   0.000000e+00   1.991170e-02   3.834319e-04   7.055411e-06   1.683153e+05   1.683682e+05   1.720304e+05 
 2.561817e-02   0.000000e+00   2.552783e-02   9.034463e-05   0.000000e+00   1.683468e+05   1.684245e+05   1.721307e+05 
 2.306565e-02   0.000000e+00   2.297504e-02   9.061048e-05   0.000000e+00   1.683569e+05   1.684394e+05   1.721100e+05 
 2.156596e-02   0.000000e+00   2.144337e-02   1.225809e-04   0.000000e+00   1.681886e+05   1.683091e+05   1.721032e+05 
 2.348560e-02   0.000000e+00   2.348560e-02   0.000000e+00   0.000000e+00   1.683100e+05   1.684020e+05   1.720543e+05 
 1.258965e-02   0.000000e+00   1.225336e-02   3.362909e-04   0.000000e+00   1.682038e+05   1.682082e+05   1.722617e+05 
 1.157198e-02   0.000000e+00   1.123224e-02   3.397414e-04   0.000000e+00   1.681278e+05   1.683707e+05   1.722200e+05 
 1.795581e-02   0.000000e+00   1.786948e-02   8.633628e-05   0.000000e+00   1.683236e+05   1.682603e+05   1.721123e+05 
 1.940115e-02   0.000000e+00   1.940115e-02   0.000000e+00   0.000000e+00   1.682705e+05   1.681018e+05   1.721603e+05 
 1.940115e-02   0.000000e+00   1.940115e-02   0.000000e+00   0.000000e+00   1.681934e+05   1.680586e+05   1.721757e+05 
 1.889059e-02   0.000000e+00   1.889059e-02   0.000000e+00   0.000000e+00   1.683155e+05   1.683094e+05   1.722442e+05 
 1.295525e-02   0.000000e+00   1.276391e-02   1.913367e-04   0.000000e+00   1.683366e+05   1.683212e+05   1.721499e+05 
 1.838003e-02   0.000000e+00   1.838003e-02   0.000000e+00   0.000000e+00   1.683750e+05   1.684552e+05   1.720888e+05 
 1.440136e-02   0.000000e+00   1.429558e-02   1.057738e-04   0.000000e+00   1.683068e+05   1.682358e+05   1.722304e+05 
 1.588037e-02   0.000000e+00   1.582725e-02   5.311845e-05   0.000000e+00   1.683725e+05   1.685146e+05   1.720343e+05 
 1.339928e-02   0.000000e+00   1.327447e-02   1.248056e-04   0.000000e+00   1.682647e+05   1.683696e+05   1.721756e+05 
 1.140636e-02   0.000000e+00   1.123224e-02   1.741180e-04   0.000000e+00   1.683242e+05   1.683505e+05   1.720591e+05 
 1.436645e-02   0.000000e+00   1.429558e-02   7.086256e-05   0.000000e+00   1.681244e+05   1.681889e+05   1.721949e+05 
 1.137139e-02   0.000000e+00   1.123224e-02   1.391478e-04   0.000000e+00   1.681542e+05   1.681477e+05   1.721939e+05 
 1.184931e-02   0.000000e+00   1.174280e-02   1.065117e-04   0.000000e+00   1.682528e+05   1.683526e+05   1.721781e+05 
 1.382072e-02   0.000000e+00   1.378503e-02   3.569118e-05   0.000000e+00   1.683088e+05   1.683968e+05   1.721564e+05 
 6.927437e-03   0.000000e+00   6.637235e-03   2.902022e-04   0.000000e+00   1.681496e+05   1.683299e+05   1.722518e+05 
 1.135578e-02   0.000000e+00   1.123224e-02   1.235354e-04   0.000000e+00   1.681225e+05   1.683930e+05   1.721345e+05 
 1.184711e-02   0.000000e+00   1.174280e-02   1.043078e-04   0.000000e+00   1.682551e+05   1.681699e+05   1.720119e+05 
 1.429558e-02   0.000000e+00   1.429558e-02   0.000000e+00   0.000000e+00   1.683521e+05   1.684444e+05   1.720313e+05 
 1.331051e-02   0.000000e+00   1.327447e-02   3.603892e-05   0.000000e+00   1.683578e+05   1.683448e+05   1.719940e+05 
 1.281659e-02   0.000000e+00   1.276391e-02   5.267496e-05   0.000000e+00   1.682846e+05   1.681297e+05   1.720006e+05 
 7.871542e-03   0.000000e+00   7.658347e-03   2.131949e-04   0.000000e+00   1.682099e+05   1.682861e+05   1.720251e+05 
 1.179773e-02   0.000000e+00   1.174280e-02   5.493463e-05   0.000000e+00   1.681908e+05   1.683813e+05   1.721990e+05 
 1.130171e-02   0.000000e+00   1.123224e-02   6.946715e-05   0.000000e+00   1.683972e+05   1.684420e+05   1.721714e+05 
 1.327447e-02   0.000000e+00   1.327447e-02   0.000000e+00   0.000000e+00   1.682045e+05   1.680669e+05   1.721219e+05 
 1.179660e-02   0.000000e+00   1.174280e-02   5.379925e-05   0.000000e+00   1.684435e+05   1.682190e+05   1.721146e+05 
 1.276391e-02   0.000000e+00   1.276391e-02   0.000000e+00   0.000000e+00   1.683180e+05   1.682983e+05   1.721172e+05 
 1.177803e-02   0.000000e+00   1.174280e-02   3.523013e-05   0.000000e+00   1.683816e+05   1.683466e+05   1.720589e+05 
 1.276391e-02   0.000000e+00   1.276391e-02   0.000000e+00   0.000000e+00   1.683785e+05   1.683918e+05   1.720925e+05 
 1.276391e-02   0.000000e+00   1.276391e-02   0.000000e+00   0.000000e+00   1.681411e+05   1.681787e+05   1.722117e+05 
 1.177692e-02   0.000000e+00   1.174280e-02   3.412353e-05   0.000000e+00   1.683382e+05   1.684481e+05   1.720121e+05 
 1.028543e-02   0.000000e+00   1.021113e-02   7.430210e-05   0.000000e+00   1.683318e+05   1.683032e+05   1.720616e+05 
 1.225336e-02   0.000000e+00   1.225336e-02   0.000000e+00   0.000000e+00   1.683848e+05   1.683284e+05   1.721079e+05 
 1.126944e-02   0.000000e+00   1.123224e-02   3.719672e-05   0.000000e+00   1.683497e+05   1.684246e+05   1.720288e+05 
 1.225336e-02   0.000000e+00   1.225336e-02   0.000000e+00   0.000000e+00   1.684671e+05   1.682348e+05   1.721157e+05 
 1.174280e-02   0.000000e+00   1.174280e-02   0.000000e+00   0.000000e+00   1.683361e+05   1.684106e+05   1.721453e+05 
 1.174280e-02   0.000000e+00   1.174280e-02   0.000000e+00   0.000000e+00   1.682436e+05   1.680835e+05   1.720685e+05 
 1.123224e-02   0.000000e+00   1.123224e-02   0.000000e+00   0.000000e+00   1.683383e+05   1.683389e+05   1.721468e+05 
 9.258591e-03   0.000000e+00   9.190017e-03   6.857328e-05   0.000000e+00   1.684258e+05   1.684818e+05   1.720471e+05 
 1.123224e-02   0.000000e+00   1.123224e-02   0.000000e+00   0.000000e+00   1.682716e+05   1.680429e+05   1.721270e+05 
 1.072169e-02   0.000000e+00   1.072169e-02   0.000000e+00   0.000000e+00   1.680880e+05   1.682310e+05   1.722664e+05 
 1.021113e-02   0.000000e+00   1.021113e-02   0.000000e+00   0.000000e+00   1.682789e+05   1.681693e+05   1.721797e+05 
 8.966734e+00   1.176222e+00   7.232543e+00   5.283561e-01   4.842667e-03   1.687764e+05   1.684562e+05   1.717856e+05 
 5.386568e-01   1.108137e-01   3.859807e-01   3.675676e-02   8.674821e-05   1.687636e+05   1.684110e+05   1.718337e+05 
 3.726101e-01   5.739013e-02   3.037811e-01   1.092832e-02   8.049748e-06   1.686917e+05   1.683424e+05   1.717439e+05 
 7.160808e-02   0.000000e+00   6.943569e-02   2.172395e-03   0.000000e+00   1.686779e+05   1.684479e+05   1.718042e+05 
 4.486160e-02   0.000000e+00   4.339730e-02   1.464298e-03   0.000000e+00   1.686620e+05   1.683755e+05   1.717470e+05 
 2.570574e-02   0.000000e+00   2.552783e-02   1.779129e-04   0.000000e+00   1.688213e+05   1.684492e+05   1.718603e+05 
 1.336341e-02   1.620609e-03   1.174280e-02   0.000000e+00   0.000000e+00   1.688381e+05   1.684702e+05   1.717480e+05 
 1.690230e-02   0.000000e+00   1.684836e-02   5.393162e-05   0.000000e+00   1.688081e+05   1.684956e+05   1.718192e+05 
 1.735892e-02   0.000000e+00   1.735892e-02   0.000000e+00   0.000000e+00   1.687263e+05   1.684196e+05   1.717662e+05 
 1.382098e-02   0.000000e+00   1.378503e-02   3.595358e-05   0.000000e+00   1.687610e+05   1.685197e+05   1.718097e+05 
 1.132284e-02   0.000000e+00   1.123224e-02   9.059821e-05   0.000000e+00   1.687271e+05   1.684345e+05   1.718096e+05 
 1.329200e-02   0.000000e+00   1.327447e-02   1.753441e-05   0.000000e+00   1.687237e+05   1.684217e+05   1.716989e+05 
 8.260136e-03   0.000000e+00   8.168904e-03   9.123109e-05   0.000000e+00   1.687346e+05   1.684029e+05   1.717897e+05 
 1.072169e-02   0.000000e+00   1.072169e-02   0.000000e+00   0.000000e+00   1.687242e+05   1.683850e+05   1.717350e+05 
 5.797663e+00   8.109484e-01   4.812506e+00   1.645088e-01   2.824584e-04   1.679267e+05   1.685179e+05   1.727761e+05 
 4.399950e-01   7.354579e-02   3.446257e-01   2.080241e-02   1.716872e-05   1.678603e+05   1.685199e+05   1.727530e+05 
 3.366275e-02   3.169590e-03   3.012283e-02   3.703295e-04   0.000000e+00   1.679311e+05   1.684583e+05   1.727227e+05 
 2.550439e+00   4.431551e-01   2.045289e+00   5.535771e-02   1.036534e-04   1.676451e+05   1.679527e+05   1.730958e+05 
 2.227785e-01   5.683774e-02   1.572514e-01   8.178754e-03   8.551609e-06   1.676803e+05   1.679728e+05   1.730646e+05 
 2.201903e-01   3.725101e-02   1.812476e-01   1.181134e-03   7.141715e-06   1.676954e+05   1.680635e+05   1.730422e+05 
 1.138705e-01   2.645988e-02   8.475238e-02   2.147638e-03   7.162561e-06   1.677238e+05   1.679606e+05   1.730375e+05 
 4.936305e-02   9.035300e-03   3.931285e-02   5.043476e-04   7.150505e-06   1.676702e+05   1.680796e+05   1.730452e+05 
 4.938664e-02   6.217145e-03   4.186563e-02   7.933053e-04   6.995623e-06   1.676574e+05   1.679815e+05   1.730824e+05 
 3.177081e-02   2.669094e-03   2.910172e-02   0.000000e+00   0.000000e+00   1.677316e+05   1.679198e+05   1.730487e+05 
 1.344468e-02   9.651230e-05   1.327447e-02   7.370253e-05   0.000000e+00   1.677101e+05   1.679651e+05   1.730455e+05 
 1.330608e+00   2.883811e-01   1.001712e+00   3.796196e-02   4.441795e-05   1.675336e+05   1.677541e+05   1.733327e+05 
 5.021486e-02   5.944456e-04   4.441842e-02   4.180883e-03   1.448195e-05   1.675208e+05   1.677133e+05   1.732885e+05 
 3.909742e-02   0.000000e+00   3.778118e-02   8.056831e-04   7.172785e-06   1.675160e+05   1.677149e+05   1.733630e+05 
 2.498636e-02   0.000000e+00   2.450671e-02   4.796436e-04   0.000000e+00   1.675081e+05   1.677069e+05   1.733253e+05 
 1.170887e-02   4.766240e-04   1.123224e-02   0.000000e+00   0.000000e+00   1.674827e+05   1.677411e+05   1.733397e+05 
 1.176075e-02   0.000000e+00   1.174280e-02   1.795474e-05   0.000000e+00   1.675036e+05   1.677319e+05   1.733493e+05 
 6.223195e-01   1.085563e-01   4.926870e-01   1.801278e-02   4.463164e-05   1.682277e+05   1.678289e+05   1.721010e+05 
 6.684202e-02   4.116160e-03   6.126678e-02   9.485246e-04   6.967967e-06   1.682911e+05   1.678520e+05   1.719994e+05 
 6.726284e-02   1.277216e-03   6.433012e-02   1.144941e-03   6.995519e-06   1.683068e+05   1.678448e+05   1.720826e+05 
 3.923803e-02   0.000000e+00   3.880230e-02   4.357333e-04   0.000000e+00   1.682141e+05   1.678716e+05   1.720637e+05 
 4.551519e-02   0.000000e+00   4.543953e-02   7.565791e-05   0.000000e+00   1.681930e+05   1.678674e+05   1.720772e+05 
 1.429558e-02   0.000000e+00   1.429558e-02   0.000000e+00   0.000000e+00   1.682230e+05   1.678541e+05   1.721135e+05 
 1.557039e+00   2.536809e-01   1.270775e+00   3.105074e-02   2.773488e-05   1.679228e+05   1.687481e+05   1.728717e+05 
 1.059227e-01   1.928673e-02   8.475238e-02   1.373024e-03   7.172513e-06   1.679366e+05   1.687022e+05   1.729318e+05 
 7.525086e-02   1.638399e-02   5.769289e-02   6.634255e-04   6.939639e-06   1.679570e+05   1.687862e+05   1.728771e+05 
 2.690226e-02   4.179998e-03   2.195393e-02   7.683311e-04   0.000000e+00   1.679406e+05   1.687771e+05   1.729112e+05 
 3.303266e-01   4.220744e-02   2.731477e-01   1.343976e-02   4.097714e-05   1.680339e+05   1.679153e+05   1.717007e+05 
 8.333080e-02   7.415724e-03   7.403069e-02   1.884384e-03   0.000000e+00   1.680921e+05   1.679656e+05   1.716981e+05 
 4.309082e-02   4.889537e-04   3.829174e-02   1.757347e-03   4.540074e-05   1.681075e+05   1.679738e+05   1.717125e+05 
 3.850459e-02   5.256617e-04   3.778118e-02   1.977460e-04   0.000000e+00   1.680868e+05   1.679305e+05   1.717298e+05 
 3.446126e-02   5.503107e-04   3.318617e-02   2.142171e-04   7.073234e-06   1.680880e+05   1.679472e+05   1.716743e+05 
 2.838304e-02   2.287876e-03   2.603838e-02   5.678220e-05   0.000000e+00   1.681126e+05   1.679206e+05   1.717660e+05 
 1.478713e-02   1.755580e-04   1.429558e-02   3.159932e-04   0.000000e+00   1.680739e+05   1.679338e+05   1.717122e+05 
 1.123224e-02   0.000000e+00   1.123224e-02   0.000000e+00   0.000000e+00   1.680009e+05   1.679129e+05   1.716567e+05 
 1.027669e+00   1.993540e-01   7.985104e-01   2.520946e-02   6.296835e-05   1.688129e+05   1.689338e+05   1.719426e+05 
 7.270803e-02   8.856525e-03   6.177734e-02   2.074160e-03   0.000000e+00   1.688240e+05   1.688990e+05   1.719409e+05 
 3.222857e-02   2.148223e-03   2.552783e-02   1.999735e-03   3.731759e-05   1.688168e+05   1.689328e+05   1.719285e+05 
 1.174280e-02   0.000000e+00   1.174280e-02   0.000000e+00   0.000000e+00   1.687716e+05   1.689296e+05   1.719669e+05 
 9.911359e-01   1.360884e-01   8.388444e-01   1.365035e-02   4.836959e-05   1.680175e+05   1.687803e+05   1.726564e+05 
 1.170363e-01   2.502841e-02   8.883683e-02   2.660506e-03   7.475985e-06   1.680170e+05   1.687470e+05   1.726190e+05 
 6.266162e-02   1.522453e-02   4.543953e-02   1.487003e-03   7.241530e-06   1.680272e+05   1.687401e+05   1.725982e+05 
 1.027143e+00   1.020232e-01   9.093012e-01   1.275573e-02   4.804482e-05   1.684148e+05   1.687177e+05   1.719166e+05 
 3.608154e-02   0.000000e+00   3.573896e-02   3.425825e-04   0.000000e+00   1.684386e+05   1.686937e+05   1.719081e+05 
 1.586330e-02   0.000000e+00   1.582725e-02   3.605172e-05   0.000000e+00   1.684078e+05   1.686894e+05   1.719436e+05 
 1.531669e-02   0.000000e+00   1.531669e-02   0.000000e+00   0.000000e+00   1.684279e+05   1.686853e+05   1.719696e+05 
 6.766088e-01   8.394860e-02   5.774394e-01   1.522079e-02   0.000000e+00   1.685254e+05   1.685345e+05   1.721154e+05 
 2.963116e-02   0.000000e+00   2.961228e-02   1.888338e-05   0.000000e+00   1.684879e+05   1.685069e+05   1.720923e+05 
 2.554578e-02   0.000000e+00   2.552783e-02   1.795474e-05   0.000000e+00   1.685522e+05   1.685740e+05   1.721440e+05 
 7.386995e-01   1.060528e-01   6.279845e-01   4.151671e-03   7.601168e-06   1.675144e+05   1.683378e+05   1.732439e+05 
 1.489345e-01   2.772094e-02   1.199808e-01   7.222373e-04   7.288304e-06   1.675151e+05   1.683705e+05   1.732817e+05 
 8.909193e-02   1.982692e-02   6.739346e-02   1.360998e-03   7.186255e-06   1.674672e+05   1.683625e+05   1.733296e+05 
 1.476573e-02   2.001821e-03   1.276391e-02   0.000000e+00   0.000000e+00   1.675053e+05   1.683603e+05   1.732262e+05 
 1.636527e-02   1.048573e-03   1.531669e-02   0.000000e+00   0.000000e+00   1.674801e+05   1.683574e+05   1.732762e+05 
 1.100342e-02   0.000000e+00   1.072169e-02   2.817377e-04   0.000000e+00   1.675075e+05   1.683244e+05   1.732544e+05 
 7.719740e-03   5.719488e-04   7.147791e-03   0.000000e+00   0.000000e+00   1.675157e+05   1.683140e+05   1.732139e+05 
 6.774732e-01   1.002305e-01   5.687600e-01   7.972228e-03   7.661258e-06   1.685868e+05   1.687213e+05   1.728203e+05 
 1.465747e-01   2.995417e-02   1.138541e-01   2.255914e-03   7.421817e-06   1.685503e+05   1.687199e+05   1.727948e+05 
 1.559583e-02   1.792121e-03   1.378503e-02   1.868492e-05   0.000000e+00   1.686188e+05   1.687351e+05   1.728224e+05 
 8.802245e-03   1.143898e-03   7.658347e-03   0.000000e+00   0.000000e+00   1.685487e+05   1.687349e+05   1.728115e+05 
 6.636316e-01   1.291090e-01   5.161726e-01   1.528659e-02   4.169123e-05   1.686538e+05   1.687511e+05   1.719038e+05 
 2.166334e-01   3.081487e-02   1.792053e-01   6.102605e-03   7.107379e-06   1.681870e+05   1.678537e+05   1.720077e+05 
 5.077784e-02   0.000000e+00   5.054509e-02   2.327419e-04   0.000000e+00   1.682179e+05   1.679168e+05   1.719594e+05 
 2.603838e-02   0.000000e+00   2.603838e-02   0.000000e+00   0.000000e+00   1.681723e+05   1.679117e+05   1.719644e+05 
 1.334861e-02   0.000000e+00   1.327447e-02   7.414425e-05   0.000000e+00   1.682572e+05   1.678919e+05   1.719659e+05 
 1.075791e-02   0.000000e+00   1.072169e-02   3.622394e-05   0.000000e+00   1.682075e+05   1.678612e+05   1.720368e+05 
 6.266024e-01   1.003620e-01   5.166832e-01   7.004451e-03   3.841245e-05   1.686702e+05   1.687335e+05   1.728552e+05 
 3.131945e-02   2.234661e-03   2.757005e-02   1.514741e-03   0.000000e+00   1.686886e+05   1.687419e+05   1.728585e+05 
 1.688357e-02   8.089812e-04   1.582725e-02   2.473421e-04   0.000000e+00   1.686862e+05   1.687530e+05   1.728377e+05 
 6.472490e-01   6.919294e-02   5.667177e-01   1.031720e-02   1.555421e-05   1.686307e+05   1.681783e+05   1.717601e+05 
 2.428213e-02   2.859744e-04   2.399616e-02   0.000000e+00   0.000000e+00   1.686581e+05   1.681189e+05   1.717485e+05 
 7.326861e-03   0.000000e+00   7.147791e-03   1.790705e-04   0.000000e+00   1.686453e+05   1.681866e+05   1.717363e+05 
 4.115066e-01   5.812854e-02   3.420729e-01   1.079462e-02   7.859421e-06   1.681630e+05   1.685992e+05   1.723366e+05 
 5.357686e-01   6.431742e-02   4.569481e-01   1.399250e-02   8.350297e-06   1.680000e+05   1.685700e+05   1.726155e+05 
 3.617991e-01   6.525572e-02   2.864222e-01   9.610650e-03   8.532144e-06   1.685487e+05   1.688486e+05   1.721524e+05 
 5.287880e-02   6.960843e-03   4.390786e-02   1.499539e-03   7.073496e-06   1.685590e+05   1.688665e+05   1.721361e+05 
 4.735052e-01   5.350468e-02   4.089558e-01   1.053422e-02   8.633356e-06   1.687439e+05   1.678087e+05   1.715953e+05 
 6.953330e-02   1.089836e-02   5.820344e-02   4.315021e-04   0.000000e+00   1.687282e+05   1.678425e+05   1.716372e+05 
 2.170816e-01   4.056543e-02   1.740998e-01   1.905843e-03   7.386576e-06   1.676752e+05   1.683044e+05   1.730688e+05 
 6.143368e-02   1.502299e-02   4.543953e-02   4.606078e-04   6.992467e-06   1.676651e+05   1.683175e+05   1.730934e+05 
 2.559014e-01   4.191950e-02   2.098387e-01   1.079819e-03   4.156238e-05   1.681368e+05   1.679676e+05   1.718348e+05 
 2.029563e-01   3.780824e-02   1.623570e-01   2.280510e-03   7.186829e-06   1.676905e+05   1.678898e+05   1.731425e+05 
 1.441716e-02   1.123471e-03   1.327447e-02   1.922239e-05   0.000000e+00   1.676857e+05   1.678753e+05   1.731612e+05 
 3.416931e-02   6.555636e-03   2.757005e-02   4.362647e-05   0.000000e+00   1.677280e+05   1.683585e+05   1.729807e+05 
 1.505818e-02   7.625984e-04   1.378503e-02   0.000000e+00   6.845929e-06   1.677330e+05   1.683568e+05   1.730220e+05 
 2.357346e-01   3.243487e-02   1.975854e-01   5.203830e-03   8.987527e-06   1.679791e+05   1.690997e+05   1.726048e+05 
 8.841027e-02   1.206160e-02   7.556237e-02   2.757449e-04   6.806209e-06   1.673619e+05   1.688001e+05   1.729979e+05 
 3.622137e-02   6.667909e-03   2.859116e-02   4.517401e-04   7.103915e-06   1.673877e+05   1.688224e+05   1.729759e+05 
 2.310826e-01   3.126061e-02   1.945220e-01   4.789419e-03   8.125100e-06   1.678706e+05   1.686741e+05   1.728148e+05 
 1.334743e-01   2.377720e-02   1.077274e-01   1.459088e-03   7.332714e-06   1.675533e+05   1.678782e+05   1.731745e+05 
 3.179218e-02   5.243237e-03   2.654894e-02   0.000000e+00   0.000000e+00   1.675804e+05   1.678234e+05   1.731878e+05 
 2.019768e-02   2.859744e-04   1.991170e-02   0.000000e+00   0.000000e+00   1.675499e+05   1.678398e+05   1.731552e+05 
 1.646321e-01   2.675891e-03   1.587831e-01   2.152062e-03   1.418621e-05   1.685440e+05   1.685041e+05   1.724885e+05 
 2.280843e-02   0.000000e+00   2.246449e-02   3.439446e-04   0.000000e+00   1.685321e+05   1.685165e+05   1.725052e+05 
 1.121974e-01   4.466523e-03   1.041535e-01   3.066798e-03   7.377700e-06   1.684456e+05   1.685522e+05   1.721144e+05 
 1.835606e-01   2.503621e-02   1.557197e-01   2.294052e-03   7.482943e-06   1.685600e+05   1.689169e+05   1.721905e+05 
 1.837393e-01   2.816349e-02   1.526564e-01   2.408907e-03   7.249635e-06   1.687038e+05   1.685901e+05   1.727236e+05 
 1.229292e-01   0.000000e+00   1.215125e-01   1.416769e-03   0.000000e+00   1.684407e+05   1.686124e+05   1.720168e+05 
 1.838003e-02   0.000000e+00   1.838003e-02   0.000000e+00   0.000000e+00   1.684538e+05   1.686058e+05   1.720470e+05 
 2.338866e-01   0.000000e+00   2.312821e-01   2.604549e-03   0.000000e+00   1.684238e+05   1.680666e+05   1.721543e+05 
 1.328736e-01   2.576881e-02   1.031324e-01   3.461770e-03   7.251871e-06   1.688523e+05   1.693001e+05   1.728588e+05 
 9.732293e-02   1.320201e-02   8.322071e-02   3.896605e-04   7.267790e-06   1.681313e+05   1.686937e+05   1.724183e+05 
 4.216455e-02   6.147533e-03   3.573896e-02   2.780565e-04   0.000000e+00   1.681003e+05   1.686990e+05   1.724036e+05 
 1.528917e-01   2.184941e-02   1.271286e-01   2.382090e-03   2.096378e-05   1.686388e+05   1.682959e+05   1.719764e+05 
 1.995501e-01   2.770990e-02   1.705259e-01   8.037584e-04   7.101065e-06   1.679334e+05   1.682296e+05   1.727815e+05 
 1.583927e-01   2.933040e-02   1.266180e-01   1.933763e-03   6.989750e-06   1.689204e+05   1.690838e+05   1.717813e+05 
 1.738379e-01   2.309364e-02   1.485719e-01   1.661774e-03   7.298601e-06   1.681840e+05   1.687001e+05   1.722544e+05 
 1.157912e-01   2.421806e-02   9.087906e-02   1.835545e-04   6.997049e-06   1.673920e+05   1.684042e+05   1.735654e+05 
 8.753202e-02   1.378512e-02   7.300958e-02   2.267689e-04   6.963102e-06   1.679677e+05   1.686578e+05   1.728503e+05 
 7.304508e-03   6.672736e-04   6.637235e-03   0.000000e+00   0.000000e+00   1.679522e+05   1.686659e+05   1.728570e+05 
 1.189729e-01   9.533295e-05   1.174280e-01   1.449553e-03   0.000000e+00   1.683604e+05   1.685429e+05   1.722148e+05 
 1.200064e-01   2.386929e-02   9.547406e-02   1.524607e-04   6.904655e-06   1.675757e+05   1.683188e+05   1.731852e+05 
 1.344633e-01   2.047020e-02   1.107908e-01   2.691766e-03   7.434586e-06   1.687870e+05   1.689917e+05   1.718072e+05 
 1.163589e-01   1.979390e-02   9.496351e-02   1.090963e-03   7.063548e-06   1.679184e+05   1.687418e+05   1.729512e+05 
 4.260651e-02   5.987248e-04   4.186563e-02   1.421522e-04   0.000000e+00   1.681280e+05   1.685816e+05   1.722823e+05 
 9.543168e-02   1.586328e-02   7.862570e-02   4.321401e-04   6.854965e-06   1.688555e+05   1.692413e+05   1.728105e+05 
 2.834716e-02   4.816722e-03   2.348560e-02   4.484317e-05   0.000000e+00   1.688467e+05   1.692228e+05   1.727928e+05 
 8.686354e-02   1.717180e-02   6.841457e-02   1.277166e-03   0.000000e+00   1.679725e+05   1.682032e+05   1.723569e+05 
 9.799577e-02   1.794360e-02   7.811514e-02   1.426473e-03   6.835498e-06   1.675368e+05   1.677982e+05   1.731673e+05 
 2.011935e-01   0.000000e+00   2.006487e-01   5.447830e-04   0.000000e+00   1.685630e+05   1.679190e+05   1.724460e+05 
 1.584524e-02   0.000000e+00   1.582725e-02   1.798788e-05   0.000000e+00   1.685386e+05   1.679474e+05   1.724335e+05 
 1.325016e-01   2.080247e-02   1.102802e-01   9.083943e-04   6.906509e-06   1.686581e+05   1.687628e+05   1.723671e+05 
 1.049110e-01   2.215341e-02   8.117849e-02   1.068513e-03   7.074474e-06   1.677807e+05   1.680302e+05   1.728895e+05 
 6.819978e-02   0.000000e+00   6.790402e-02   2.957613e-04   0.000000e+00   1.681973e+05   1.684310e+05   1.720040e+05 
 1.045186e-01   2.167521e-02   8.066793e-02   1.664867e-03   7.270960e-06   1.680948e+05   1.689981e+05   1.729986e+05 
 1.166541e-01   2.039802e-02   9.445295e-02   1.292568e-03   7.346923e-06   1.682572e+05   1.688370e+05   1.726977e+05 
 8.400176e-02   1.581348e-02   6.637234e-02   1.305382e-03   6.791381e-06   1.674465e+05   1.683834e+05   1.734258e+05 
 1.329616e-01   1.916609e-04   1.307025e-01   2.067479e-03   0.000000e+00   1.686499e+05   1.683639e+05   1.720089e+05 
 8.311529e-02   9.198597e-03   7.300958e-02   9.071082e-04   0.000000e+00   1.678599e+05   1.686290e+05   1.727719e+05 
 1.041771e-01   1.870963e-02   8.424182e-02   7.151394e-04   6.970224e-06   1.680207e+05   1.686446e+05   1.725252e+05 
 1.596665e-01   0.000000e+00   1.587831e-01   8.833942e-04   0.000000e+00   1.683429e+05   1.682080e+05   1.726543e+05 
 1.134820e-01   1.842608e-02   9.394240e-02   6.029654e-04   7.129905e-06   1.688408e+05   1.690419e+05   1.727852e+05 
 1.027818e-01   1.496603e-02   8.781572e-02   0.000000e+00   0.000000e+00   1.678885e+05   1.688718e+05   1.728776e+05 
 9.032197e-02   1.896807e-02   7.045680e-02   8.970968e-04   0.000000e+00   1.681004e+05   1.690460e+05   1.730128e+05 
 5.386702e-02   6.288756e-03   4.697120e-02   9.651045e-05   7.297921e-06   1.672502e+05   1.687861e+05   1.729544e+05 
 1.419958e-01   0.000000e+00   1.404030e-01   1.592746e-03   0.000000e+00   1.683985e+05   1.677821e+05   1.728217e+05 
 6.241085e-02   0.000000e+00   6.228789e-02   1.229605e-04   0.000000e+00   1.681802e+05   1.680161e+05   1.718916e+05 
 1.429558e-02   0.000000e+00   1.429558e-02   0.000000e+00   0.000000e+00   1.681650e+05   1.680157e+05   1.718538e+05 
 9.777899e-03   0.000000e+00   9.700574e-03   7.732555e-05   0.000000e+00   1.681646e+05   1.680028e+05   1.719078e+05 
 6.093393e-02   3.241043e-03   5.769289e-02   0.000000e+00   0.000000e+00   1.678267e+05   1.681886e+05   1.728179e+05 
 7.762641e-02   9.463375e-03   6.739346e-02   2.590275e-04   6.994484e-06   1.672838e+05   1.687368e+05   1.728995e+05 
 7.917742e-02   1.650427e-02   6.177734e-02   3.852490e-04   7.131326e-06   1.680020e+05   1.688768e+05   1.728960e+05 
 6.572571e-02   0.000000e+00   6.433012e-02   1.395596e-03   0.000000e+00   1.682530e+05   1.684211e+05   1.723199e+05 
 3.420647e-02   1.548745e-03   3.216506e-02   4.926668e-04   0.000000e+00   1.685808e+05   1.685732e+05   1.720942e+05 
 7.228933e-02   1.342902e-02   5.769289e-02   6.568613e-04   6.787056e-06   1.689240e+05   1.690092e+05   1.718335e+05 
 9.394240e-02   0.000000e+00   9.394240e-02   0.000000e+00   0.000000e+00   1.684934e+05   1.679922e+05   1.723224e+05 
 6.523579e-02   1.629551e-02   4.850287e-02   4.374078e-04   0.000000e+00   1.675821e+05   1.679393e+05   1.727904e+05 
 7.599065e-02   1.437584e-02   6.126678e-02   3.480322e-04   0.000000e+00   1.673454e+05   1.676026e+05   1.733743e+05 
 4.968874e-02   6.291437e-03   4.339730e-02   0.000000e+00   0.000000e+00   1.673760e+05   1.688756e+05   1.729079e+05 
 5.283133e-02   1.270621e-02   3.982341e-02   3.017187e-04   0.000000e+00   1.676012e+05   1.678808e+05   1.731713e+05 
 8.368596e-02   1.067638e-02   7.198847e-02   0.000000e+00   1.355258e-05   1.676334e+05   1.685064e+05   1.731892e+05 
 6.263749e-02   1.120382e-02   5.105565e-02   3.780236e-04   0.000000e+00   1.676451e+05   1.678019e+05   1.732213e+05 
 8.655865e-02   1.048573e-02   7.352014e-02   0.000000e+00   3.403570e-05   1.685828e+05   1.689239e+05   1.726862e+05 
 7.181618e-02   1.116623e-02   6.024567e-02   4.042783e-04   0.000000e+00   1.691338e+05   1.686973e+05   1.715101e+05 
 5.267775e-02   1.068523e-02   4.186563e-02   1.268879e-04   0.000000e+00   1.676568e+05   1.680734e+05   1.731496e+05 
 3.320716e-02   2.573770e-03   3.012283e-02   0.000000e+00   6.781929e-06   1.677545e+05   1.681377e+05   1.729025e+05 
 5.659798e-02   9.508702e-03   4.697120e-02   1.180800e-04   0.000000e+00   1.680331e+05   1.686025e+05   1.724730e+05 
 6.914850e-02   1.225828e-02   5.667177e-02   2.184518e-04   0.000000e+00   1.669837e+05   1.675614e+05   1.732517e+05 
 5.499947e-02   1.058105e-02   4.441842e-02   0.000000e+00   0.000000e+00   1.689343e+05   1.692182e+05   1.728323e+05 
 1.165570e-01   0.000000e+00   1.164069e-01   1.501641e-04   0.000000e+00   1.685747e+05   1.678958e+05   1.726925e+05 
 6.860781e-02   1.175747e-02   5.667177e-02   1.785761e-04   0.000000e+00   1.677679e+05   1.689505e+05   1.727588e+05 
 5.749645e-02   1.130527e-02   4.543953e-02   7.516530e-04   0.000000e+00   1.679716e+05   1.687982e+05   1.729551e+05 
 1.204913e-01   0.000000e+00   1.204913e-01   0.000000e+00   0.000000e+00   1.683455e+05   1.688487e+05   1.719583e+05 
 3.533522e-02   0.000000e+00   3.522840e-02   1.068165e-04   0.000000e+00   1.687419e+05   1.687418e+05   1.719912e+05 
 2.963045e-02   0.000000e+00   2.961228e-02   1.817190e-05   0.000000e+00   1.682574e+05   1.679507e+05   1.721001e+05 
 2.909807e-02   1.982729e-03   2.705950e-02   5.584829e-05   0.000000e+00   1.685366e+05   1.687835e+05   1.721415e+05 
 4.054479e-02   1.911208e-04   4.033396e-02   1.970844e-05   0.000000e+00   1.686160e+05   1.687528e+05   1.720378e+05 
 4.344423e-02   1.056341e-02   3.267562e-02   2.052095e-04   0.000000e+00   1.681020e+05   1.687376e+05   1.724808e+05 
 5.998658e-02   9.698417e-03   5.003454e-02   2.536302e-04   0.000000e+00   1.691311e+05   1.687226e+05   1.714794e+05 
 4.668679e-02   6.863386e-03   3.982341e-02   0.000000e+00   0.000000e+00   1.674343e+05   1.688764e+05   1.729013e+05 
 7.169759e-02   8.388583e-03   6.330901e-02   0.000000e+00   0.000000e+00   1.676141e+05   1.681946e+05   1.731965e+05 
 5.103285e-02   3.915682e-03   4.697120e-02   1.459730e-04   0.000000e+00   1.683760e+05   1.679284e+05   1.718838e+05 
 6.173850e-02   9.151181e-03   5.258732e-02   0.000000e+00   0.000000e+00   1.686186e+05   1.690235e+05   1.727399e+05 
 6.234379e-02   9.159255e-03   5.309788e-02   8.665945e-05   0.000000e+00   1.685493e+05   1.687770e+05   1.727284e+05 
 6.039083e-02   1.084774e-02   4.952398e-02   1.910485e-05   0.000000e+00   1.674814e+05   1.678783e+05   1.729203e+05 
 4.435212e-02   8.102608e-03   3.624951e-02   0.000000e+00   0.000000e+00   1.678014e+05   1.683382e+05   1.728150e+05 
 5.211874e-02   5.147539e-03   4.697120e-02   0.000000e+00   0.000000e+00   1.675711e+05   1.678996e+05   1.731375e+05 
 7.408510e-02   0.000000e+00   7.403069e-02   5.440534e-05   0.000000e+00   1.685728e+05   1.679102e+05   1.725360e+05 
 4.748176e-02   0.000000e+00   4.748176e-02   0.000000e+00   0.000000e+00   1.680364e+05   1.682234e+05   1.727444e+05 
 5.060419e-02   2.290115e-03   4.697120e-02   8.323201e-04   6.801401e-06   1.687733e+05   1.689067e+05   1.718225e+05 
 5.398440e-02   8.997661e-03   4.492897e-02   5.777037e-05   0.000000e+00   1.669801e+05   1.675481e+05   1.734300e+05 
 2.571847e-02   1.906496e-04   2.552783e-02   0.000000e+00   0.000000e+00   1.681107e+05   1.685359e+05   1.722889e+05 
 1.643313e-02   9.532480e-05   1.633781e-02   0.000000e+00   0.000000e+00   1.678162e+05   1.680803e+05   1.726750e+05 
 5.651015e-02   8.007283e-03   4.850287e-02   0.000000e+00   0.000000e+00   1.681055e+05   1.688385e+05   1.724890e+05 
 4.146492e-02   4.194291e-03   3.727062e-02   0.000000e+00   0.000000e+00   1.689212e+05   1.689048e+05   1.718299e+05 
 5.444046e-02   6.958711e-03   4.748176e-02   0.000000e+00   0.000000e+00   1.679274e+05   1.688461e+05   1.728277e+05 
 2.603838e-02   0.000000e+00   2.603838e-02   0.000000e+00   0.000000e+00   1.686337e+05   1.687220e+05   1.718361e+05 
 5.388275e-02   0.000000e+00   5.360843e-02   2.743185e-04   0.000000e+00   1.681411e+05   1.680234e+05   1.723616e+05 
 5.379889e-02   7.224233e-03   4.646064e-02   1.140160e-04   0.000000e+00   1.676964e+05   1.679259e+05   1.729493e+05 
 3.090986e-02   1.767381e-03   2.910172e-02   4.075584e-05   0.000000e+00   1.680279e+05   1.685234e+05   1.724065e+05 
 7.063463e-02   0.000000e+00   7.045680e-02   1.778342e-04   0.000000e+00   1.685105e+05   1.680832e+05   1.726189e+05 
 5.181978e-02   7.851949e-03   4.390786e-02   5.996839e-05   0.000000e+00   1.675230e+05   1.687014e+05   1.727638e+05 
 1.749202e-02   9.532511e-05   1.735892e-02   3.777588e-05   0.000000e+00   1.667559e+05   1.674517e+05   1.733425e+05 
 3.620264e-02   3.527018e-03   3.267562e-02   0.000000e+00   0.000000e+00   1.680344e+05   1.687708e+05   1.728123e+05 
 3.150583e-02   4.956890e-03   2.654894e-02   0.000000e+00   0.000000e+00   1.689419e+05   1.684510e+05   1.716864e+05 
 7.817143e-02   0.000000e+00   7.811514e-02   5.628636e-05   0.000000e+00   1.685508e+05   1.679597e+05   1.727497e+05 
 1.904901e-02   0.000000e+00   1.889059e-02   1.584204e-04   0.000000e+00   1.688134e+05   1.685206e+05   1.718557e+05 
 4.041115e-02   0.000000e+00   4.033396e-02   7.718582e-05   0.000000e+00   1.685608e+05   1.687096e+05   1.720289e+05 
 3.512013e-02   2.955069e-03   3.216506e-02   0.000000e+00   0.000000e+00   1.675801e+05   1.678379e+05   1.731186e+05 
 5.454874e-02   4.003642e-03   5.054509e-02   0.000000e+00   0.000000e+00   1.685672e+05   1.688665e+05   1.726219e+05 
 5.628422e-02   0.000000e+00   5.616122e-02   1.230046e-04   0.000000e+00   1.686371e+05   1.686360e+05   1.718833e+05 
 5.003454e-02   0.000000e+00   5.003454e-02   0.000000e+00   0.000000e+00   1.686487e+05   1.682850e+05   1.718487e+05 
 2.424820e-02   7.625984e-04   2.348560e-02   0.000000e+00   0.000000e+00   1.686914e+05   1.686357e+05   1.727814e+05 
 4.155889e-02   1.697241e-03   3.982341e-02   3.824489e-05   0.000000e+00   1.684157e+05   1.678062e+05   1.718936e+05 
 3.951273e-02   0.000000e+00   3.931285e-02   1.998775e-04   0.000000e+00   1.680665e+05   1.683566e+05   1.722946e+05 
 3.664533e-02   4.480266e-03   3.216506e-02   0.000000e+00   0.000000e+00   1.683155e+05   1.688382e+05   1.726690e+05 
 6.075623e-02   0.000000e+00   6.075623e-02   0.000000e+00   0.000000e+00   1.680887e+05   1.684906e+05   1.724583e+05 
 3.435106e-02   3.717667e-03   3.063339e-02   0.000000e+00   0.000000e+00   1.678784e+05   1.688152e+05   1.729188e+05 
 6.026473e-02   0.000000e+00   6.024567e-02   1.905575e-05   0.000000e+00   1.684513e+05   1.679889e+05   1.729068e+05 
 4.558977e-02   2.192470e-03   4.339730e-02   0.000000e+00   0.000000e+00   1.679520e+05   1.681365e+05   1.729239e+05 
 3.606690e-02   5.433514e-03   3.063339e-02   0.000000e+00   0.000000e+00   1.680324e+05   1.688862e+05   1.726452e+05 
 3.331700e-02   6.768061e-03   2.654894e-02   0.000000e+00   0.000000e+00   1.687416e+05   1.687731e+05   1.728340e+05 
 2.692376e-02   1.906496e-03   2.501727e-02   0.000000e+00   0.000000e+00   1.681434e+05   1.692960e+05   1.723653e+05 
 1.900975e-02   9.532920e-05   1.889059e-02   2.383150e-05   0.000000e+00   1.680306e+05   1.684534e+05   1.723572e+05 
 4.341829e-02   2.573770e-03   4.084452e-02   0.000000e+00   0.000000e+00   1.679633e+05   1.682134e+05   1.728463e+05 
 2.217204e-02   1.239222e-03   2.093282e-02   0.000000e+00   0.000000e+00   1.689354e+05   1.688441e+05   1.717765e+05 
 1.838003e-02   0.000000e+00   1.838003e-02   0.000000e+00   0.000000e+00   1.682682e+05   1.687227e+05   1.722498e+05 
 3.531078e-02   3.145718e-03   3.216506e-02   0.000000e+00   0.000000e+00   1.688095e+05   1.689977e+05   1.727898e+05 
 3.275160e-02   4.670994e-03   2.808061e-02   0.000000e+00   0.000000e+00   1.680003e+05   1.688736e+05   1.729335e+05 
 3.853083e-02   3.812992e-03   3.471784e-02   0.000000e+00   0.000000e+00   1.677442e+05   1.685502e+05   1.730673e+05 
 5.264399e-02   0.000000e+00   5.258732e-02   5.666827e-05   0.000000e+00   1.683900e+05   1.679889e+05   1.729330e+05 
 2.603838e-02   0.000000e+00   2.603838e-02   0.000000e+00   0.000000e+00   1.686977e+05   1.682836e+05   1.720069e+05 
 3.989656e-02   0.000000e+00   3.982341e-02   7.315086e-05   0.000000e+00   1.687001e+05   1.689690e+05   1.718843e+05 
 2.688336e-02   3.908317e-03   2.297504e-02   0.000000e+00   0.000000e+00   1.677558e+05   1.679700e+05   1.729847e+05 
 3.237670e-02   2.764419e-03   2.961228e-02   0.000000e+00   0.000000e+00   1.668994e+05   1.675648e+05   1.734025e+05 
 2.185213e-02   1.429872e-03   2.042226e-02   0.000000e+00   0.000000e+00   1.686741e+05   1.686637e+05   1.728097e+05 
 3.471784e-02   0.000000e+00   3.471784e-02   0.000000e+00   0.000000e+00   1.688571e+05   1.679621e+05   1.730692e+05 
 2.727760e-02   1.239222e-03   2.603838e-02   0.000000e+00   0.000000e+00   1.674903e+05   1.686319e+05   1.726779e+05 
 2.431747e-02   1.907305e-04   2.399616e-02   1.305827e-04   0.000000e+00   1.687043e+05   1.686867e+05   1.720142e+05 
 3.636583e-02   2.669094e-03   3.369673e-02   0.000000e+00   0.000000e+00   1.688633e+05   1.678342e+05   1.713652e+05 
 2.306405e-02   1.620674e-03   2.144337e-02   0.000000e+00   0.000000e+00   1.667445e+05   1.674538e+05   1.733753e+05 
 1.941941e-02   0.000000e+00   1.940115e-02   1.826739e-05   0.000000e+00   1.687066e+05   1.683654e+05   1.719413e+05 
 1.087840e-02   6.672736e-04   1.021113e-02   0.000000e+00   0.000000e+00   1.675272e+05   1.676485e+05   1.733283e+05 
 1.480614e-02   0.000000e+00   1.480614e-02   0.000000e+00   0.000000e+00   1.681587e+05   1.679322e+05   1.717692e+05 
 3.522840e-02   0.000000e+00   3.522840e-02   0.000000e+00   0.000000e+00   1.681796e+05   1.680873e+05   1.718300e+05 
 1.684189e-02   1.525197e-03   1.531669e-02   0.000000e+00   0.000000e+00   1.676546e+05   1.678259e+05   1.731980e+05 
 3.624951e-02   0.000000e+00   3.624951e-02   0.000000e+00   0.000000e+00   1.685678e+05   1.687366e+05   1.719032e+05 
 4.339730e-02   0.000000e+00   4.339730e-02   0.000000e+00   0.000000e+00   1.685864e+05   1.679034e+05   1.728077e+05 
 3.165450e-02   0.000000e+00   3.165450e-02   0.000000e+00   0.000000e+00   1.682105e+05   1.687458e+05   1.721251e+05 
 2.757005e-02   0.000000e+00   2.757005e-02   0.000000e+00   0.000000e+00   1.678651e+05   1.684505e+05   1.726579e+05 
 3.334289e-02   6.672736e-04   3.267562e-02   0.000000e+00   0.000000e+00   1.683305e+05   1.688439e+05   1.724222e+05 
 3.339781e-02   2.764419e-03   3.063339e-02   0.000000e+00   0.000000e+00   1.679063e+05   1.688575e+05   1.726383e+05 
 3.114395e-02   0.000000e+00   3.114395e-02   0.000000e+00   0.000000e+00   1.685836e+05   1.684987e+05   1.721550e+05 
 1.904084e-02   2.192470e-03   1.684836e-02   0.000000e+00   0.000000e+00   1.680900e+05   1.687470e+05   1.725137e+05 
 2.501727e-02   0.000000e+00   2.501727e-02   0.000000e+00   0.000000e+00   1.685665e+05   1.682845e+05   1.718705e+05 
 3.017775e-02   2.097146e-03   2.808061e-02   0.000000e+00   0.000000e+00   1.685120e+05   1.677748e+05   1.717101e+05 
 1.785653e-02   3.050394e-03   1.480614e-02   0.000000e+00   0.000000e+00   1.688161e+05   1.681212e+05   1.715423e+05 
 1.225336e-02   0.000000e+00   1.225336e-02   0.000000e+00   0.000000e+00   1.684873e+05   1.685886e+05   1.720408e+05 
 2.878181e-02   1.906496e-04   2.859116e-02   0.000000e+00   0.000000e+00   1.686871e+05   1.680180e+05   1.717656e+05 
 1.684836e-02   0.000000e+00   1.684836e-02   0.000000e+00   0.000000e+00   1.690164e+05   1.687494e+05   1.716555e+05 
 3.573896e-02   0.000000e+00   3.573896e-02   0.000000e+00   0.000000e+00   1.686326e+05   1.686739e+05   1.720945e+05 
 4.084452e-02   0.000000e+00   4.084452e-02   0.000000e+00   0.000000e+00   1.684551e+05   1.688057e+05   1.719874e+05 
 1.333586e-02   5.719488e-04   1.276391e-02   0.000000e+00   0.000000e+00   1.686667e+05   1.679890e+05   1.717394e+05 
 1.072169e-02   0.000000e+00   1.072169e-02   0.000000e+00   0.000000e+00   1.689085e+05   1.683893e+05   1.717334e+05 
 2.066136e-02   3.812992e-03   1.684836e-02   0.000000e+00   0.000000e+00   1.680454e+05   1.688436e+05   1.726052e+05 
 2.720974e-02   2.192470e-03   2.501727e-02   0.000000e+00   0.000000e+00   1.681226e+05   1.688205e+05   1.724618e+05 
 1.742031e-02   5.719488e-04   1.684836e-02   0.000000e+00   0.000000e+00   1.687310e+05   1.688647e+05   1.720702e+05 
 3.072224e-02   1.620522e-03   2.910172e-02   0.000000e+00   0.000000e+00   1.675598e+05   1.687153e+05   1.730371e+05 
 3.012283e-02   0.000000e+00   3.012283e-02   0.000000e+00   0.000000e+00   1.685608e+05   1.678962e+05   1.726600e+05 
 2.808061e-02   0.000000e+00   2.808061e-02   0.000000e+00   0.000000e+00   1.683382e+05   1.688638e+05   1.721069e+05 
 1.678050e-02   9.532480e-04   1.582725e-02   0.000000e+00   0.000000e+00   1.677790e+05   1.681637e+05   1.729392e+05 
 1.480614e-02   0.000000e+00   1.480614e-02   0.000000e+00   0.000000e+00   1.686642e+05   1.682819e+05   1.720308e+05 
 2.501080e-02   1.525197e-03   2.348560e-02   0.000000e+00   0.000000e+00   1.674950e+05   1.676520e+05   1.733160e+05 
 1.550496e-02   1.687573e-04   1.531669e-02   1.951021e-05   0.000000e+00   1.679267e+05   1.682002e+05   1.724208e+05 
 3.126673e-02   1.143898e-03   3.012283e-02   0.000000e+00   0.000000e+00   1.676525e+05   1.678916e+05   1.730020e+05 
 2.347913e-02   1.525197e-03   2.195393e-02   0.000000e+00   0.000000e+00   1.667552e+05   1.674853e+05   1.732571e+05 
 2.654247e-02   1.525197e-03   2.501727e-02   0.000000e+00   0.000000e+00   1.672540e+05   1.687055e+05   1.730937e+05 
 2.433705e-02   2.383120e-03   2.195393e-02   0.000000e+00   0.000000e+00   1.674513e+05   1.682252e+05   1.732095e+05 
 3.114395e-02   0.000000e+00   3.114395e-02   0.000000e+00   0.000000e+00   1.678810e+05   1.682834e+05   1.727647e+05 
 2.348560e-02   0.000000e+00   2.348560e-02   0.000000e+00   0.000000e+00   1.678578e+05   1.684302e+05   1.727074e+05 
 3.216506e-02   0.000000e+00   3.216506e-02   0.000000e+00   0.000000e+00   1.679929e+05   1.684561e+05   1.725180e+05 
 3.318617e-02   0.000000e+00   3.318617e-02   0.000000e+00   0.000000e+00   1.680290e+05   1.685235e+05   1.725680e+05 
 3.114395e-02   0.000000e+00   3.114395e-02   0.000000e+00   0.000000e+00   1.681567e+05   1.688403e+05   1.721639e+05 
 2.217204e-02   1.239222e-03   2.093282e-02   0.000000e+00   0.000000e+00   1.674031e+05   1.681715e+05   1.731837e+05 
 3.318617e-02   0.000000e+00   3.318617e-02   0.000000e+00   0.000000e+00   1.680827e+05   1.679153e+05   1.726583e+05 
 1.327447e-02   0.000000e+00   1.327447e-02   0.000000e+00   0.000000e+00   1.685039e+05   1.686082e+05   1.720952e+05 
 1.547341e-02   6.672736e-04   1.480614e-02   0.000000e+00   0.000000e+00   1.688587e+05   1.679333e+05   1.713616e+05 
 3.471784e-02   0.000000e+00   3.471784e-02   0.000000e+00   0.000000e+00   1.681070e+05   1.682947e+05   1.726168e+05 
 1.582725e-02   0.000000e+00   1.582725e-02   0.000000e+00   0.000000e+00   1.686516e+05   1.687893e+05   1.719979e+05 
 2.440492e-02   1.429872e-03   2.297504e-02   0.000000e+00   0.000000e+00   1.685968e+05   1.689542e+05   1.727385e+05 
 2.025907e-02   8.579232e-04   1.940115e-02   0.000000e+00   0.000000e+00   1.690940e+05   1.688858e+05   1.716417e+05 
 2.635182e-02   1.334547e-03   2.501727e-02   0.000000e+00   0.000000e+00   1.673873e+05   1.681663e+05   1.732121e+05 
 3.114395e-02   0.000000e+00   3.114395e-02   0.000000e+00   0.000000e+00   1.685036e+05   1.685630e+05   1.719327e+05 
 2.501727e-02   0.000000e+00   2.501727e-02   0.000000e+00   0.000000e+00   1.684835e+05   1.680027e+05   1.728567e+05 
 2.042226e-02   0.000000e+00   2.042226e-02   0.000000e+00   0.000000e+00   1.688769e+05   1.684721e+05   1.729337e+05 
 1.786948e-02   0.000000e+00   1.786948e-02   0.000000e+00   0.000000e+00   1.684149e+05   1.679486e+05   1.718500e+05 
 2.501727e-02   0.000000e+00   2.501727e-02   0.000000e+00   0.000000e+00   1.685219e+05   1.677809e+05   1.729061e+05 
 1.276391e-02   0.000000e+00   1.276391e-02   0.000000e+00   0.000000e+00   1.677295e+05   1.679503e+05   1.730795e+05 
 2.296857e-02   1.525197e-03   2.144337e-02   0.000000e+00   0.000000e+00   1.689294e+05   1.679468e+05   1.712812e+05 
 1.748171e-02   1.143898e-03   1.633781e-02   0.000000e+00   0.000000e+00   1.687091e+05   1.686421e+05   1.727492e+05 
 2.297504e-02   0.000000e+00   2.297504e-02   0.000000e+00   0.000000e+00   1.689136e+05   1.684498e+05   1.716607e+05 
 2.105560e-02   1.143898e-03   1.991170e-02   0.000000e+00   0.000000e+00   1.687744e+05   1.678964e+05   1.714653e+05 
 1.684836e-02   0.000000e+00   1.684836e-02   0.000000e+00   0.000000e+00   1.686763e+05   1.678009e+05   1.730234e+05 
 1.812152e-02   7.625984e-04   1.735892e-02   0.000000e+00   0.000000e+00   1.679158e+05   1.688818e+05   1.725783e+05 
 2.195393e-02   0.000000e+00   2.195393e-02   0.000000e+00   0.000000e+00   1.679735e+05   1.683107e+05   1.725506e+05 
 2.246449e-02   0.000000e+00   2.246449e-02   0.000000e+00   0.000000e+00   1.682100e+05   1.688223e+05   1.721552e+05 
 2.360838e-02   1.143898e-03   2.246449e-02   0.000000e+00   0.000000e+00   1.676601e+05   1.688759e+05   1.728902e+05 
 2.195393e-02   0.000000e+00   2.195393e-02   0.000000e+00   0.000000e+00   1.680278e+05   1.684799e+05   1.723362e+05 
 2.042226e-02   0.000000e+00   2.042226e-02   0.000000e+00   0.000000e+00   1.684280e+05   1.682726e+05   1.722874e+05 
 1.225336e-02   0.000000e+00   1.225336e-02   0.000000e+00   0.000000e+00   1.686731e+05   1.683982e+05   1.717117e+05 
 1.189952e-02   6.672736e-04   1.123224e-02   0.000000e+00   0.000000e+00   1.690267e+05   1.685608e+05   1.716073e+05 
 1.174280e-02   0.000000e+00   1.174280e-02   0.000000e+00   0.000000e+00   1.688958e+05   1.689306e+05   1.719555e+05 
 2.146151e-02   0.000000e+00   2.144337e-02   1.813715e-05   0.000000e+00   1.680674e+05   1.682610e+05   1.723313e+05 
 2.246449e-02   0.000000e+00   2.246449e-02   0.000000e+00   0.000000e+00   1.686085e+05   1.687073e+05   1.719134e+05 
 1.991170e-02   0.000000e+00   1.991170e-02   0.000000e+00   0.000000e+00   1.685714e+05   1.683578e+05   1.719389e+05 
 1.611323e-02   2.859744e-04   1.582725e-02   0.000000e+00   0.000000e+00   1.688535e+05   1.690501e+05   1.718282e+05 
 1.838003e-02   0.000000e+00   1.838003e-02   0.000000e+00   0.000000e+00   1.687059e+05   1.680802e+05   1.730789e+05 
 1.838003e-02   0.000000e+00   1.838003e-02   0.000000e+00   0.000000e+00   1.687234e+05   1.686058e+05   1.728165e+05 
 1.942861e-02   1.048573e-03   1.838003e-02   0.000000e+00   0.000000e+00   1.688961e+05   1.680495e+05   1.714287e+05 
 1.333586e-02   5.719488e-04   1.276391e-02   0.000000e+00   0.000000e+00   1.673739e+05   1.688665e+05   1.729982e+05 
 1.933328e-02   9.532480e-04   1.838003e-02   0.000000e+00   0.000000e+00   1.675300e+05   1.682377e+05   1.731345e+05 
 1.327447e-02   0.000000e+00   1.327447e-02   0.000000e+00   0.000000e+00   1.681318e+05   1.685342e+05   1.724840e+05 
 1.072169e-02   0.000000e+00   1.072169e-02   0.000000e+00   0.000000e+00   1.677616e+05   1.680674e+05   1.728208e+05 
 2.035440e-02   9.532480e-04   1.940115e-02   0.000000e+00   0.000000e+00   1.680069e+05   1.687826e+05   1.728627e+05 
 2.297504e-02   0.000000e+00   2.297504e-02   0.000000e+00   0.000000e+00   1.683708e+05   1.678164e+05   1.719349e+05 
 1.940115e-02   0.000000e+00   1.940115e-02   0.000000e+00   0.000000e+00   1.685849e+05   1.685562e+05   1.719238e+05 
 2.654894e-02   0.000000e+00   2.654894e-02   0.000000e+00   0.000000e+00   1.689529e+05   1.679665e+05   1.731244e+05 
 1.378503e-02   0.000000e+00   1.378503e-02   0.000000e+00   0.000000e+00   1.683164e+05   1.684959e+05   1.722731e+05 
 1.882273e-02   9.532480e-04   1.786948e-02   0.000000e+00   0.000000e+00   1.678916e+05   1.688035e+05   1.729634e+05 
 1.378503e-02   0.000000e+00   1.378503e-02   0.000000e+00   0.000000e+00   1.681757e+05   1.683704e+05   1.724082e+05 
 1.371716e-02   9.532480e-04   1.276391e-02   0.000000e+00   0.000000e+00   1.678777e+05   1.687597e+05   1.730975e+05 
 9.380688e-03   1.906705e-04   9.190017e-03   0.000000e+00   0.000000e+00   1.680598e+05   1.688015e+05   1.727948e+05 
 2.195393e-02   0.000000e+00   2.195393e-02   0.000000e+00   0.000000e+00   1.681074e+05   1.682270e+05   1.727248e+05 
 1.480614e-02   0.000000e+00   1.480614e-02   0.000000e+00   0.000000e+00   1.686663e+05   1.687552e+05   1.719755e+05 
 1.780161e-02   9.532480e-04   1.684836e-02   0.000000e+00   0.000000e+00   1.673144e+05   1.690271e+05   1.733193e+05 
 1.838003e-02   0.000000e+00   1.838003e-02   0.000000e+00   0.000000e+00   1.677629e+05   1.684880e+05   1.725993e+05 
 2.042226e-02   0.000000e+00   2.042226e-02   0.000000e+00   0.000000e+00   1.685429e+05   1.686118e+05   1.726863e+05 
 1.585471e-02   1.048573e-03   1.480614e-02   0.000000e+00   0.000000e+00   1.688700e+05   1.691160e+05   1.727922e+05 
 1.276391e-02   0.000000e+00   1.276391e-02   0.000000e+00   0.000000e+00   1.680979e+05   1.678973e+05   1.716830e+05 
 1.378503e-02   0.000000e+00   1.378503e-02   0.000000e+00   0.000000e+00   1.679493e+05   1.683490e+05   1.726445e+05 
 1.225336e-02   0.000000e+00   1.225336e-02   0.000000e+00   0.000000e+00   1.682115e+05   1.683573e+05   1.724348e+05 
 1.850282e-02   1.143898e-03   1.735892e-02   0.000000e+00   0.000000e+00   1.674604e+05   1.687936e+05   1.731295e+05 
 1.738638e-02   1.048573e-03   1.633781e-02   0.000000e+00   0.000000e+00   1.676513e+05   1.682038e+05   1.732172e+05 
 1.582725e-02   0.000000e+00   1.582725e-02   0.000000e+00   0.000000e+00   1.684498e+05   1.683005e+05   1.720323e+05 
 1.684836e-02   0.000000e+00   1.684836e-02   0.000000e+00   0.000000e+00   1.684595e+05   1.687147e+05   1.719706e+05 
 1.174280e-02   0.000000e+00   1.174280e-02   0.000000e+00   0.000000e+00   1.686946e+05   1.687022e+05   1.720410e+05 
 1.378503e-02   0.000000e+00   1.378503e-02   0.000000e+00   0.000000e+00   1.683489e+05   1.680540e+05   1.719385e+05 
 1.021113e-02   0.000000e+00   1.021113e-02   0.000000e+00   0.000000e+00   1.688816e+05   1.689212e+05   1.719880e+05 
 2.195393e-02   0.000000e+00   2.195393e-02   0.000000e+00   0.000000e+00   1.684919e+05   1.682481e+05   1.718510e+05 
 1.072169e-02   0.000000e+00   1.072169e-02   0.000000e+00   0.000000e+00   1.682363e+05   1.686259e+05   1.722655e+05 
 1.378503e-02   0.000000e+00   1.378503e-02   0.000000e+00   0.000000e+00   1.680719e+05   1.683868e+05   1.723724e+05 
 2.042226e-02   0.000000e+00   2.042226e-02   0.000000e+00   0.000000e+00   1.685723e+05   1.678996e+05   1.724757e+05 
 1.123224e-02   0.000000e+00   1.123224e-02   0.000000e+00   0.000000e+00   1.683784e+05   1.685406e+05   1.720806e+05 
 1.429558e-02   0.000000e+00   1.429558e-02   0.000000e+00   0.000000e+00   1.683991e+05   1.690978e+05   1.720520e+05 
 1.582725e-02   0.000000e+00   1.582725e-02   0.000000e+00   0.000000e+00   1.683152e+05   1.686203e+05   1.721016e+05 
 1.940115e-02   0.000000e+00   1.940115e-02   0.000000e+00   0.000000e+00   1.685469e+05   1.678829e+05   1.729179e+05 
 1.276391e-02   0.000000e+00   1.276391e-02   0.000000e+00   0.000000e+00   1.686859e+05   1.683565e+05   1.720361e+05 
 1.225336e-02   0.000000e+00   1.225336e-02   0.000000e+00   0.000000e+00   1.685958e+05   1.685557e+05   1.721524e+05 
 1.684836e-02   0.000000e+00   1.684836e-02   0.000000e+00   0.000000e+00   1.679156e+05   1.684024e+05   1.723888e+05 
 1.072169e-02   0.000000e+00   1.072169e-02   0.000000e+00   0.000000e+00   1.686885e+05   1.684972e+05   1.719102e+05 
 1.735892e-02   0.000000e+00   1.735892e-02   0.000000e+00   0.000000e+00   1.681679e+05   1.682561e+05   1.726793e+05 
 1.735892e-02   0.000000e+00   1.735892e-02   0.000000e+00   0.000000e+00   1.684216e+05   1.681835e+05   1.725859e+05 
 1.225336e-02   0.000000e+00   1.225336e-02   0.000000e+00   0.000000e+00   1.685546e+05   1.682196e+05   1.718558e+05 
 1.174280e-02   0.000000e+00   1.174280e-02   0.000000e+00   0.000000e+00   1.685471e+05   1.679000e+05   1.725889e+05 
 1.174280e-02   0.000000e+00   1.174280e-02   0.000000e+00   0.000000e+00   1.683417e+05   1.688277e+05   1.719894e+05 